frac 0.9 0 0.91 0.89
rho770_AMP 1 0 0 100
rho770_PHS 0 0 0 0
omega_AMP 0.00983842 0.000586534 0 100
omega_PHS -1.43771 0.0594326 0 0
rho1450_AMP 2.48146 0.119722 0 100
rho1450_PHS -1.64807 0.0413888 0 0
f2_1525_AMP 2.22845 0.153154 0 100
f2_1525_PHS 2.36401 0.0955008 0 0
f0_1370_AMP 0.91666 0.045678 0 100
f0_1370_PHS 1.3721 0.032588 0 0
f0_1500_AMP 2.16482 0.0533156 0 100
f0_1500_PHS -1.99334 0.0414779 0 0
sigma_AMP 0.552376 0.0127805 0 100
sigma_PHS -0.617037 0.0281632 0 0
f0_980_AMP 0.891189 0.015786 0 100
f0_980_PHS -0.650413 0.0212148 0 0
Ks892_AMP 0.853987 0.0038881 0 100
Ks892_PHS 0.391389 0.00879689 0 0
Ks0_1430_AMP 1.17798 0.0162492 0 100
Ks0_1430_PHS -1.31292 0.0135756 0 0
Ks1410_AMP 1.21408 0.0164346 0 100
Ks1410_PHS -5.33512 0.019831 0 0
rho770_MASS 0.77526 0 0.75 0.8
rho770_WIDTH 0.1474 0 0.145 0.155
omega_MASS 0.78266 0 0.79266 0.77266
omega_WIDTH 0.00868 0 0.01868 -0.00132
rho1450_MASS 1.465 0 1.265 1.665
rho1450_WIDTH 0.4 0 0.2 0.6
f2_1525_MASS 1.51743 0 1.52743 1.50743
f2_1525_WIDTH 0.072 0 0.082 0.062
f0_1370_MASS 1.25 0 1.1 1.5
f0_1370_WIDTH 0.3 0 0.2 0.5
f0_1500_MASS 1.522 0 1.532 1.512
f0_1500_WIDTH 0.108 0 0.118 0.098
sigma_MASS 0.505 0 0.2 0.7
sigma_WIDTH 0.409 0 0.2 0.8
f0_980_MASS 0.99 0 1 0.98
f0_980_GPP 0.165 0 0.005 10
f0_980_GKK 0.69465 0 0.05 10
Ks892_MASS 0.89555 0 0.88 0.92
Ks892_WIDTH 0.0473 0 0.04 0.06
Ks0_1430_MASS 1.425 0 1.435 1.415
Ks0_1430_WIDTH 0.27 0 0.28 0.26
Ks14102_MASS 1.414 0 1.424 1.404
Ks1410_WIDTH 0.232 0 0.242 0.222
EffConst 0 0 0.01 -0.01
BkgConst 0 0 0.01 -0.01
FCN	123886	0	0	0
Status	1	0	0	0
