    0.521676            0            0            0            0            0            0            0            0            0            0
  0.00152758  0.000976949            0            0            0            0            0            0            0            0            0
  -0.0436394 -0.000333575   0.00444083            0            0            0            0            0            0            0            0
 7.59333e-07   6.9746e-09 -1.90599e-07   0.00103341            0            0            0            0            0            0            0
 1.86656e-06   7.2936e-08 -3.13361e-07   -3.206e-07    0.0315561            0            0            0            0            0            0
-9.33917e-07 -1.42923e-07  3.30257e-07  1.42546e-07   -0.0311662    0.0504585            0            0            0            0            0
 1.73016e-06  7.02425e-08 -1.41282e-07 -1.85404e-08    0.0344006   -0.0407039    0.0372931            0            0            0            0
-1.41668e-06  1.78254e-08 -7.16632e-08    -2.02e-07   0.00876198   -0.0427528  -0.00728232    0.0430247            0            0            0
    -0.06755   0.00122493  -0.00415125  -0.00405263    0.0300995   -0.0224896     0.011433    0.0286039      0.45093            0            0
  -0.0464162  -0.00048685   0.00405842     0.001627    -0.030333   0.00651119 -0.000507908    0.0204984  1.87325e-06    0.0558123            0
  -0.0545482  -8.5297e-05   0.00731326   0.00253392   0.00273832   -0.0139089   -0.0015769    0.0112477   0.00840842  1.78524e-06      0.03379
