frac 0.9 0 0.91 0.89
rho770_AMP 1 0 0 100
rho770_PHS 0 0 0 0
omega_AMP 0.0124734 0.00072216 0 100
omega_PHS -2.67555 0.0562231 0 0
f2_1525_AMP 4.49975 0.199278 0 100
f2_1525_PHS 1.93 0.0292351 0 0
f0_1370_AMP 0.386853 0.030358 0 100
f0_1370_PHS 8.34467 0.0790955 0 0
f0_1500_AMP 1.23821 0.0653901 0 100
f0_1500_PHS -2.98171 0.0505054 0 0
sigma_AMP 0.471813 0.0136644 0 100
sigma_PHS -0.261159 0.0278193 0 0
f0_980_AMP 0.6811 0.0139609 0 100
f0_980_PHS -38.6595 0.0260543 0 0
Ks892_AMP 0.805518 0.00373698 0 100
Ks892_PHS 0.594736 0.0100374 0 0
Ks0_1430_AMP 1.38004 0.0151093 0 100
Ks0_1430_PHS -0.981138 0.0120316 0 0
Ks1410_AMP 0.909767 0.0218964 0 100
Ks1410_PHS -3.54801 0.0243531 0 0
rho770_MASS 0.77526 0 0.75 0.8
rho770_WIDTH 0.1474 0 0.145 0.155
omega_MASS 0.78266 0 0.79266 0.77266
omega_WIDTH 0.00868 0 0.01868 -0.00132
f2_1525_MASS 1.51743 0 1.52743 1.50743
f2_1525_WIDTH 0.072 0 0.082 0.062
f0_1370_MASS 1.25 0 1.1 1.5
f0_1370_WIDTH 0.3 0 0.2 0.5
f0_1500_MASS 1.522 0 1.532 1.512
f0_1500_WIDTH 0.108 0 0.118 0.098
sigma_MASS 0.505 0 0.2 0.7
sigma_WIDTH 0.409 0 0.2 0.8
f0_980_MASS 0.99 0 1 0.98
f0_980_GPP 0.165 0 0.005 10
f0_980_GKK 0.69465 0 0.05 10
Ks892_MASS 0.89555 0 0.88 0.92
Ks892_WIDTH 0.0473 0 0.04 0.06
Ks0_1430_MASS 1.425 0 1.435 1.415
Ks0_1430_WIDTH 0.27 0 0.28 0.26
Ks14102_MASS 1.414 0 1.424 1.404
Ks1410_WIDTH 0.232 0 0.242 0.222
EffConst 0 0 0.01 -0.01
BkgConst 0 0 0.01 -0.01
FCN	125484	0	0	0
Status	1	0	0	0
