    0.506753            0            0            0            0            0            0            0            0            0
  -0.0231128    0.0015254            0            0            0            0            0            0            0            0
 1.25396e-06 -4.64692e-08   0.00409298            0            0            0            0            0            0            0
 7.46687e-07 -5.27416e-08  3.24279e-08   0.00545951            0            0            0            0            0            0
 7.79253e-07 -9.03789e-08 -2.32084e-08    0.0147968    0.0160353            0            0            0            0            0
 1.41727e-06 -1.34704e-07  1.66611e-08    0.0106067   0.00424132    0.0264298            0            0            0            0
-1.16691e-06  9.38761e-08  -3.1504e-07   -0.0117328   -0.0211577   -0.0162475    0.0244116            0            0            0
  -0.0375034   0.00155523 -0.000750059    0.0044593    0.0154961   0.00463116    0.0105676      0.38972            0            0
  -0.0625449  0.000611197   0.00488997   -0.0172566   -0.0387949  -0.00132027    0.0245695  2.09777e-06    0.0744113            0
   0.0121219  0.000147706  -0.00301414   0.00377993   0.00577911    0.0110115  -0.00466081    0.0415545  2.17272e-06    0.0184309
