frac 0.9 0 0.91 0.89
rho770_AMP 1 0 0 100
rho770_PHS 0 0 0 0
omega_AMP 0.00994013 0.00058284 0 100
omega_PHS -0.719682 0.0627624 0 0
rho1450_AMP 4.7833 0.147276 0 100
rho1450_PHS -2.09969 0.0183499 0 0
f2_1270_AMP 1.47862 0.0521425 0 100
f2_1270_PHS 3.35292 0.0414529 0 0
f2_1525_AMP 3.66455 0.325784 0 100
f2_1525_PHS 1.7067 0.0779866 0 0
f0_1370_AMP 0.512714 0.0350177 0 100
f0_1370_PHS 1.59138 0.0585138 0 0
f0_1500_AMP 1.02346 0.0561793 0 100
f0_1500_PHS -3.07597 0.0708146 0 0
sigma_AMP 0.466112 0.0118285 0 100
sigma_PHS -0.257296 0.0264358 0 0
f0_980_AMP 0.691706 0.0135564 0 100
f0_980_PHS -0.802583 0.0271119 0 0
Ks892_AMP 0.829452 0.00362337 0 100
Ks892_PHS 0.499552 0.00807112 0 0
Ks2_1430_AMP 4.74609e-10 0.00195245 0 100
Ks2_1430_PHS 2.8977 0.0942399 0 0
Ks0_1430_AMP 1.4696 0.0170889 0 100
Ks0_1430_PHS -0.931834 0.0126993 0 0
Ks1410_AMP 0.801467 0.0188794 0 100
Ks1410_PHS -3.7762 0.0322699 0 0
Kappa_AMP 1.13117e-08 0.0031086 0 100
Kappa_PHS 11.0416 0.0874645 0 0
rho770_MASS 0.77526 0 0.75 0.8
rho770_WIDTH 0.1474 0 0.145 0.155
omega_MASS 0.78266 0 0.79266 0.77266
omega_WIDTH 0.00868 0 0.01868 -0.00132
rho1450_MASS 1.465 0 1.265 1.665
rho1450_WIDTH 0.4 0 0.2 0.6
f2_1270_MASS 1.2754 0 1.2854 1.2654
f2_1270_WIDTH 0.1866 0 0.1966 0.1766
f2_1525_MASS 1.51743 0 1.52743 1.50743
f2_1525_WIDTH 0.072 0 0.082 0.062
f0_1370_MASS 1.25 0 1.1 1.5
f0_1370_WIDTH 0.3 0 0.2 0.5
f0_1500_MASS 1.522 0 1.532 1.512
f0_1500_WIDTH 0.108 0 0.118 0.098
sigma_MASS 0.505 0 0.2 0.7
sigma_WIDTH 0.409 0 0.2 0.8
f0_980_MASS 0.99 0 1 0.98
f0_980_GPP 0.165 0 0.005 10
f0_980_GKK 0.69465 0 0.05 10
Ks892_MASS 0.89555 0 0.88 0.92
Ks892_WIDTH 0.0473 0 0.04 0.06
Ks2_1430_MASS 1.4324 0 1.4424 1.4224
Ks2_1430_WIDTH 0.109 0 0.119 0.099
Ks0_1430_MASS 1.425 0 1.435 1.415
Ks0_1430_WIDTH 0.27 0 0.28 0.26
Ks14102_MASS 1.414 0 1.424 1.404
Ks1410_WIDTH 0.232 0 0.242 0.222
Kappa_MASS 0.845 0 0.5 1
Kappa_WIDTH 0.468 0 0.2 0.6
EffConst 0 0 0.01 -0.01
BkgConst 0 0 0.01 -0.01
FCN	123841	0	0	0
Status	1	0	0	0
