     0.50175            0            0            0            0            0            0            0            0            0            0            0            0            0
   0.0141509   0.00095916            0            0            0            0            0            0            0            0            0            0            0            0
  -0.0596092 -0.000981029    0.0158706            0            0            0            0            0            0            0            0            0            0            0
 3.14776e-08 -1.93874e-08  1.39839e-06    0.0110863            0            0            0            0            0            0            0            0            0            0
 8.36679e-07  5.33836e-08 -6.02185e-07  -0.00680542    0.0026878            0            0            0            0            0            0            0            0            0
 1.05021e-06  5.59046e-08 -9.61839e-08 -7.07685e-08 -4.73102e-08   0.00949519            0            0            0            0            0            0            0            0
 7.22317e-07 -3.51017e-09  9.22578e-08 -2.70359e-07   1.3931e-08    0.0126358    0.0108474            0            0            0            0            0            0            0
 1.38515e-06  9.03084e-08 -1.27983e-07  1.12929e-07    2.374e-08    0.0158923    0.0050604    0.0255403            0            0            0            0            0            0
-1.12795e-06 -5.54869e-08 -1.43898e-07  4.66262e-07  -2.6363e-07  -0.00419205   -0.0164741   -0.0139371    0.0249292            0            0            0            0            0
  -0.0501369  0.000304155   -0.0260049  -0.00691484  0.000611568    0.0137596    0.0130443   0.00177688    0.0163067     0.409144            0            0            0            0
-8.57167e-12 -7.41044e-14 -4.19406e-13  2.39182e-12  -6.7312e-13  5.27216e-13  3.86343e-13 -2.24577e-12  8.70163e-13 -9.70427e-16  3.78933e-21            0            0            0
  -0.0668726 -0.000727038    0.0204215 -0.000353612    0.0039725     -0.01777   -0.0352466  0.000248484    0.0257952  2.33887e-06 -9.52808e-16    0.0835487            0            0
  0.00280345  0.000272995  -0.00522005   0.00358908  -0.00213283   0.00451664   0.00402319   0.00873181  -0.00231449    0.0377457 -1.10515e-15  2.26682e-06    0.0141628            0
-4.91995e-10 -1.17195e-12  7.35817e-11  3.02328e-11 -5.77928e-11 -1.14679e-10 -3.19894e-10  4.25465e-11   2.6696e-10   8.6357e-15 -1.98627e-24  4.57281e-10  5.04265e-15  4.92959e-18
