frac 0.9 0 0.91 0.89
rho770_AMP 1 0 0 100
rho770_PHS 0 0 0 0
omega_AMP 0.00956677 0.000579279 0 100
omega_PHS -0.71968 0.0637291 0 0
f0_1370_AMP 0.515043 0.035103 0 100
f0_1370_PHS 1.76726 0.0594503 0 0
f0_1500_AMP 1.06206 0.0571828 0 100
f0_1500_PHS -2.80098 0.0604797 0 0
sigma_AMP 0.47955 0.00897346 0 100
sigma_PHS -0.116525 0.0252266 0 0
f0_980_AMP 0.691656 0.0129635 0 100
f0_980_PHS -0.810857 0.022612 0 0
Ks892_AMP 0.85733 0.00322954 0 100
Ks892_PHS 0.527286 0.00760204 0 0
Ks0_1430_AMP 1.48449 0.0143725 0 100
Ks0_1430_PHS -0.895525 0.00996128 0 0
rho770_MASS 0.77526 0 0.75 0.8
rho770_WIDTH 0.1474 0 0.145 0.155
omega_MASS 0.78266 0 0.79266 0.77266
omega_WIDTH 0.00868 0 0.01868 -0.00132
f0_1370_MASS 1.25 0 1.1 1.5
f0_1370_WIDTH 0.3 0 0.2 0.5
f0_1500_MASS 1.522 0 1.532 1.512
f0_1500_WIDTH 0.108 0 0.118 0.098
sigma_MASS 0.505 0 0.2 0.7
sigma_WIDTH 0.409 0 0.2 0.8
f0_980_MASS 0.99 0 1 0.98
f0_980_GPP 0.165 0 0.005 10
f0_980_GKK 0.69465 0 0.05 10
Ks892_MASS 0.89555 0 0.88 0.92
Ks892_WIDTH 0.0473 0 0.04 0.06
Ks0_1430_MASS 1.425 0 1.435 1.415
Ks0_1430_WIDTH 0.27 0 0.28 0.26
EffConst 0 0 0.01 -0.01
BkgConst 0 0 0.01 -0.01
FCN	108219	0	0	0
Status	1	0	0	0
