frac 0.9 0 0.91 0.89
rho770_AMP 1 0 0 100
rho770_PHS 0 0 0 0
omega_AMP 0.0102169 0.000578248 0 100
omega_PHS -0.77749 0.0591606 0 0
f0_1370_AMP 0.551121 0.03917 0 100
f0_1370_PHS 1.70002 0.0659618 0 0
f0_1500_AMP 1.04393 0.0591036 0 100
f0_1500_PHS 3.58468 0.0613148 0 0
sigma_AMP 0.526813 0.00872144 0 100
sigma_PHS -0.0373233 0.0286891 0 0
f0_980_AMP 0.754465 0.0149696 0 100
f0_980_PHS -0.829818 0.0217283 0 0
Ks892_AMP 0.861725 0.00298151 0 100
Ks892_PHS 0.514968 0.00850603 0 0
rho770_MASS 0.77526 0 0.75 0.8
rho770_WIDTH 0.1474 0 0.145 0.155
omega_MASS 0.78266 0 0.79266 0.77266
omega_WIDTH 0.00868 0 0.01868 -0.00132
f0_1370_MASS 1.25 0 1.1 1.5
f0_1370_WIDTH 0.3 0 0.2 0.5
f0_1500_MASS 1.522 0 1.532 1.512
f0_1500_WIDTH 0.108 0 0.118 0.098
sigma_MASS 0.505 0 0.2 0.7
sigma_WIDTH 0.409 0 0.2 0.8
f0_980_MASS 0.99 0 1 0.98
f0_980_GPP 0.165 0 0.005 10
f0_980_GKK 0.69465 0 0.05 10
Ks892_MASS 0.89555 0 0.88 0.92
Ks892_WIDTH 0.0473 0 0.04 0.06
EffConst 0 0 0.01 -0.01
BkgConst 0 0 0.01 -0.01
FCN	92416.9	0	0	0
Status	1	0	0	0
