frac 0.9 0 0.91 0.89
rho770_AMP 1 0 0 100
rho770_PHS 0 0 0 0
omega_AMP 0.00901346 0.000565089 0 100
omega_PHS -0.779051 0.0656011 0 0
f0_1370_AMP 0.45617 0.0175214 0 100
f0_1370_PHS 2.78163 0.0395634 0 0
f0_1500_AMP 1.79091 0.0368763 0 100
f0_1500_PHS -3.27795 0.0170784 0 0
Ks892_AMP 0.843945 0.00268367 0 100
Ks892_PHS 0.551912 0.00632904 0 0
rho770_MASS 0.77526 0 0.75 0.8
rho770_WIDTH 0.1474 0 0.145 0.155
omega_MASS 0.78266 0 0.79266 0.77266
omega_WIDTH 0.00868 0 0.01868 -0.00132
f0_1370_MASS 1.25 0 1.1 1.5
f0_1370_WIDTH 0.3 0 0.2 0.5
f0_1500_MASS 1.522 0 1.532 1.512
f0_1500_WIDTH 0.108 0 0.118 0.098
Ks892_MASS 0.89555 0 0.88 0.92
Ks892_WIDTH 0.0473 0 0.04 0.06
EffConst 0 0 0.01 -0.01
BkgConst 0 0 0.01 -0.01
FCN	89861.5	0	0	0
Status	1	0	0	0
