frac 0.9 0 0.91 0.89
rho770_AMP 1 0 0 100
rho770_PHS 0 0 0 0
omega_AMP 0.026479 0.000655439 0 100
omega_PHS -2.73966 0.0188698 0 0
rho1450_AMP 2.53834 0.145205 0 100
rho1450_PHS 0.0735384 0.0628023 0 0
f2_1270_AMP 1.19046 0.0611548 0 100
f2_1270_PHS 2.75064 0.0458038 0 0
f2_1525_AMP 4.62678 0.336294 0 100
f2_1525_PHS 0.0971331 0.0594964 0 0
f0_1370_AMP 1.10095 0.0407061 0 100
f0_1370_PHS 1.20642 0.0269399 0 0
f0_1500_AMP 1.41605 0.0722283 0 100
f0_1500_PHS -1.86556 0.060729 0 0
sigma_AMP 0.509728 0.0114386 0 100
sigma_PHS -0.508043 0.0306637 0 0
f0_980_AMP 0.758841 0.0143264 0 100
f0_980_PHS -0.655084 0.0247979 0 0
Ks892_AMP 0.783116 0.00406413 0 100
Ks892_PHS 0.337625 0.00992623 0 0
Ks0_1430_AMP 0.999539 0.016737 0 100
Ks0_1430_PHS -1.27112 0.0170514 0 0
Ks1410_AMP 1.27029 0.0167548 0 100
Ks1410_PHS -5.42941 0.0183708 0 0
Kappa_AMP 0.670431 0.0269726 0 100
Kappa_PHS 9.1489 0.0432229 0 0
rho770_MASS 0.77526 0 0.75 0.8
rho770_WIDTH 0.1474 0 0.145 0.155
omega_MASS 0.78266 0 0.79266 0.77266
omega_WIDTH 0.00868 0 0.01868 -0.00132
rho1450_MASS 1.465 0 1.265 1.665
rho1450_WIDTH 0.4 0 0.2 0.6
f2_1270_MASS 1.2754 0 1.2854 1.2654
f2_1270_WIDTH 0.1866 0 0.1966 0.1766
f2_1525_MASS 1.51743 0 1.52743 1.50743
f2_1525_WIDTH 0.072 0 0.082 0.062
f0_1370_MASS 1.25 0 1.1 1.5
f0_1370_WIDTH 0.3 0 0.2 0.5
f0_1500_MASS 1.522 0 1.532 1.512
f0_1500_WIDTH 0.108 0 0.118 0.098
sigma_MASS 0.505 0 0.2 0.7
sigma_WIDTH 0.409 0 0.2 0.8
f0_980_MASS 0.99 0 1 0.98
f0_980_GPP 0.165 0 0.005 10
f0_980_GKK 0.69465 0 0.05 10
Ks892_MASS 0.89555 0 0.88 0.92
Ks892_WIDTH 0.0473 0 0.04 0.06
Ks0_1430_MASS 1.425 0 1.435 1.415
Ks0_1430_WIDTH 0.27 0 0.28 0.26
Ks14102_MASS 1.414 0 1.424 1.404
Ks1410_WIDTH 0.232 0 0.242 0.222
Kappa_MASS 0.845 0 0.5 1
Kappa_WIDTH 0.468 0 0.2 0.6
EffConst 0 0 0.01 -0.01
BkgConst 0 0 0.01 -0.01
FCN	125579	0	0	0
Status	1	0	0	0
