    0.576103            0            0            0            0            0            0            0            0            0            0            0            0
  -0.0572084   0.00781491            0            0            0            0            0            0            0            0            0            0            0
  -0.0107941   0.00116014   0.00513159            0            0            0            0            0            0            0            0            0            0
 1.14979e-06  -1.8282e-07  -6.9036e-07   0.00825113            0            0            0            0            0            0            0            0            0
-1.32406e-06  1.90254e-07  3.90159e-07    -0.010239   0.00491954            0            0            0            0            0            0            0            0
 2.31075e-06 -1.53076e-07 -1.84356e-07 -5.08066e-07  9.15293e-07     0.050269            0            0            0            0            0            0            0
 -8.8034e-07  4.04108e-08 -2.07727e-07 -9.30913e-07  1.17777e-07   -0.0409718    0.0238424            0            0            0            0            0            0
 1.78017e-06 -3.11802e-07  -1.6056e-08  6.40614e-08  7.57545e-08    0.0427719   -0.0273605      0.03507            0            0            0            0            0
-1.33534e-06  2.83313e-07  1.12228e-07   2.5725e-07  1.33424e-07    0.0188483   -0.0239257  -0.00944801    0.0344492            0            0            0            0
   -0.075106   0.00413576    0.0217396   -0.0129408     0.013172    0.0407661   -0.0195306   0.00517832    0.0254819     0.418753            0            0            0
  -0.0447874   0.00076594  -0.00827823    0.0006063 -0.000145604   -0.0284274   0.00730228  -0.00248752    0.0170702  1.66404e-06    0.0443768            0            0
  -0.0632987   0.00178765 -0.000637956   0.00452225  -0.00472485   0.00502003   -0.0106698  -0.00554419    0.0112995   0.00629916  1.42051e-06    0.0408501            0
  -0.0256067 -1.45221e-05   -0.0085088   0.00502341  -0.00507002   -0.0340886     0.029791   -0.0207605  -0.00896912  1.08775e-06    0.0270829  6.41956e-07    0.0198828
