frac 0.9 0 0.91 0.89
rho770_AMP 1 0 0 100
rho770_PHS 0 0 0 0
omega_AMP 0.0123549 0.000679827 0 100
omega_PHS -2.9054 0.0521487 0 0
f0_1370_AMP 0.925385 0.0159703 0 100
f0_1370_PHS 1.84664 0.0246994 0 0
f0_1500_AMP 5.4512e-11 0.00116506 0 100
f0_1500_PHS 0.342648 0.0186697 0 0
sigma_AMP 0.358277 0.00937762 0 100
sigma_PHS 0.173902 0.0268471 0 0
f0_980_AMP 0.636776 0.0120244 0 100
f0_980_PHS -1.0252 0.0246698 0 0
Ks892_AMP 0.842497 0.00295787 0 100
Ks892_PHS 0.494164 0.00834022 0 0
Ks0_1430_AMP 1.27075 0.0121104 0 100
Ks0_1430_PHS -0.953707 0.0115106 0 0
Ks1410_AMP 1.06052 0.0177575 0 100
Ks1410_PHS -3.42797 0.0198922 0 0
rho770_MASS 0.77526 0 0.75 0.8
rho770_WIDTH 0.1474 0 0.145 0.155
omega_MASS 0.78266 0 0.79266 0.77266
omega_WIDTH 0.00868 0 0.01868 -0.00132
f0_1370_MASS 1.25 0 1.1 1.5
f0_1370_WIDTH 0.3 0 0.2 0.5
f0_1500_MASS 1.522 0 1.532 1.512
f0_1500_WIDTH 0.108 0 0.118 0.098
sigma_MASS 0.505 0 0.2 0.7
sigma_WIDTH 0.409 0 0.2 0.8
f0_980_MASS 0.99 0 1 0.98
f0_980_GPP 0.165 0 0.005 10
f0_980_GKK 0.69465 0 0.05 10
Ks892_MASS 0.89555 0 0.88 0.92
Ks892_WIDTH 0.0473 0 0.04 0.06
Ks0_1430_MASS 1.425 0 1.435 1.415
Ks0_1430_WIDTH 0.27 0 0.28 0.26
Ks14102_MASS 1.414 0 1.424 1.404
Ks1410_WIDTH 0.232 0 0.242 0.222
EffConst 0 0 0.01 -0.01
BkgConst 0 0 0.01 -0.01
FCN	124080	0	0	0
Status	1	0	0	0
