frac 0.9 0 0.91 0.89
rho770_AMP 1 0 0 100
rho770_PHS 0 0 0 0
omega_AMP 0.00908947 0.000538463 0 100
omega_PHS -0.789843 0.061751 0 0
f0_1370_AMP 0.457816 0.00870919 0 100
f0_1370_PHS 2.64103 0.0231955 0 0
Ks892_AMP 0.845557 0.00246364 0 100
Ks892_PHS 0.548169 0.00599296 0 0
rho770_MASS 0.77526 0 0.75 0.8
rho770_WIDTH 0.1474 0 0.145 0.155
omega_MASS 0.78266 0 0.79266 0.77266
omega_WIDTH 0.00868 0 0.01868 -0.00132
f0_1370_MASS 1.25 0 1.1 1.5
f0_1370_WIDTH 0.3 0 0.2 0.5
Ks892_MASS 0.89555 0 0.88 0.92
Ks892_WIDTH 0.0473 0 0.04 0.06
EffConst 0 0 0.01 -0.01
BkgConst 0 0 0.01 -0.01
FCN	73093.2	0	0	0
Status	1	0	0	0
