frac 0.9 0 0.91 0.89
rho770_AMP 1 0 0 100
rho770_PHS 0 0 0 0
omega_AMP 0.00989751 0.00058562 0 100
omega_PHS -1.40473 0.0473934 0 0
rho1450_AMP 1.8725 0.163424 0 100
rho1450_PHS -2.17349 0.0531272 0 0
f2_1270_AMP 1.20261 0.0712774 0 100
f2_1270_PHS 3.1676 0.0565701 0 0
f2_1525_AMP 2.65149 0.239009 0 100
f2_1525_PHS 1.71474 0.146733 0 0
f0_1370_AMP 1.18241 0.0508032 0 100
f0_1370_PHS 1.27684 0.024635 0 0
f0_1500_AMP 2.58587 0.0665755 0 100
f0_1500_PHS -1.75594 0.0355723 0 0
sigma_AMP 0.510639 0.0118963 0 100
sigma_PHS -0.402343 0.0356591 0 0
f0_980_AMP 0.788228 0.0143409 0 100
f0_980_PHS -0.659492 0.0232826 0 0
Ks892_AMP 0.875469 0.00427911 0 100
Ks892_PHS 0.377825 0.00877231 0 0
Ks0_1430_AMP 1.19097 0.0173399 0 100
Ks0_1430_PHS -1.18112 0.0166436 0 0
Ks1410_AMP 1.1974 0.0157491 0 100
Ks1410_PHS -5.1947 0.0230679 0 0
rho770_MASS 0.77526 0 0.75 0.8
rho770_WIDTH 0.1474 0 0.145 0.155
omega_MASS 0.78266 0 0.79266 0.77266
omega_WIDTH 0.00868 0 0.01868 -0.00132
rho1450_MASS 1.465 0 1.265 1.665
rho1450_WIDTH 0.4 0 0.2 0.6
f2_1270_MASS 1.2754 0 1.2854 1.2654
f2_1270_WIDTH 0.1866 0 0.1966 0.1766
f2_1525_MASS 1.51743 0 1.52743 1.50743
f2_1525_WIDTH 0.072 0 0.082 0.062
f0_1370_MASS 1.25 0 1.1 1.5
f0_1370_WIDTH 0.3 0 0.2 0.5
f0_1500_MASS 1.522 0 1.532 1.512
f0_1500_WIDTH 0.108 0 0.118 0.098
sigma_MASS 0.505 0 0.2 0.7
sigma_WIDTH 0.409 0 0.2 0.8
f0_980_MASS 0.99 0 1 0.98
f0_980_GPP 0.165 0 0.005 10
f0_980_GKK 0.69465 0 0.05 10
Ks892_MASS 0.89555 0 0.88 0.92
Ks892_WIDTH 0.0473 0 0.04 0.06
Ks0_1430_MASS 1.425 0 1.435 1.415
Ks0_1430_WIDTH 0.27 0 0.28 0.26
Ks14102_MASS 1.414 0 1.424 1.404
Ks1410_WIDTH 0.232 0 0.242 0.222
EffConst 0 0 0.01 -0.01
BkgConst 0 0 0.01 -0.01
FCN	123104	0	0	0
Status	1	0	0	0
