    0.509112            0            0            0            0            0            0            0            0            0            0            0
  0.00215897  0.000964906            0            0            0            0            0            0            0            0            0            0
  -0.0217828 -0.000377358   0.00246779            0            0            0            0            0            0            0            0            0
 3.52433e-07 -4.23839e-08  4.38761e-07    0.0074413            0            0            0            0            0            0            0            0
 6.19444e-07   3.0391e-08 -1.71525e-07  -0.00329065   0.00142778            0            0            0            0            0            0            0
 2.26732e-06  1.04747e-07 -1.73259e-07  7.89521e-08 -2.52901e-07    0.0512407            0            0            0            0            0            0
 -1.6872e-06 -1.54292e-07  3.76297e-07 -1.73542e-06  4.14686e-07   -0.0738167    0.0702615            0            0            0            0            0
 1.57273e-06  4.19583e-08 -6.12286e-08  9.75074e-08  1.35027e-08    0.0405264    -0.044307    0.0311027            0            0            0            0
 -1.2285e-06  1.14021e-08 -7.49568e-08  3.76073e-07 -2.14528e-07    0.0145261    -0.036118   -0.0113688    0.0328469            0            0            0
  -0.0692703   0.00117578   -0.0103392  -0.00712426 -0.000494848    0.0421144   -0.0381387   0.00288556    0.0253902     0.462489            0            0
  -0.0498093 -0.000439352   0.00614197 -0.000450712   0.00249553    -0.031462    0.0154806  -0.00312719    0.0201328  1.98513e-06    0.0556762            0
  -0.0513043  -1.4901e-05   0.00360603    0.0032132    0.0015153   0.00690679    -0.016194  -0.00259472   0.00906843    0.0173753  1.75697e-06    0.0320764
